image_width: 640
image_height: 480
camera_name: camera
camera_matrix:
  rows: 3
  cols: 3
  data: [646.949019, 0.000000, 310.725171, 0.000000, 648.673344, 237.205769, 0.000000, 0.000000, 1.000000]
distortion_model: plumb_bob
distortion_coefficients:
  rows: 1
  cols: 5
  data: [-0.417134, 0.164680, -0.003784, 0.001409, 0.000000]
rectification_matrix:
  rows: 3
  cols: 3
  data: [1.000000, 0.000000, 0.000000, 0.000000, 1.000000, 0.000000, 0.000000, 0.000000, 1.000000]
projection_matrix:
  rows: 3
  cols: 4
  data: [573.086548, 0.000000, 309.189551, 0.000000, 0.000000, 609.066284, 235.520235, 0.000000, 0.000000, 0.000000, 1.000000, 0.000000]
